landslide instance name: hz014
landslide instance polygon boundary coordinates(x,y):
474 151
478 144
485 142
492 138
498 137
503 141
506 142
512 141
522 137
530 138
537 138
545 133
550 128
559 124
572 124
584 126
595 129
601 134
604 142
600 150
595 156
591 164
591 168
594 173
594 183
590 192
586 200
583 206
586 211
594 218
602 229
605 239
605 253
605 264
601 279
594 292
582 298
560 295
535 291
500 282
470 275
444 270
415 262
398 256
372 249
341 242
324 238
276 233
251 234
225 235
191 233
172 231
162 230
133 222
118 216
98 208
90 182
81 165
79 148
82 134
98 122
118 109
138 102
158 96
184 88
208 83
236 79
255 79
271 90
284 98
302 105
317 111
328 106
344 94
357 86
364 84
393 86
410 94
427 104
448 114
455 121
461 130
465 140
469 150
474 151
