landslide instance name: hz072
landslide instance polygon boundary coordinates(x,y):
65 54
65 52
69 50
73 49
76 47
78 46
81 46
85 46
89 45
90 44
92 43
94 43
96 44
97 45
97 48
96 50
93 52
89 55
86 59
84 61
83 64
81 66
80 70
79 73
78 77
77 81
77 85
76 86
74 91
74 94
72 98
71 101
70 105
67 107
62 105
59 101
57 97
54 90
47 80
43 75
42 67
40 61
40 57
39 53
39 52
39 51
41 47
42 45
43 41
44 40
46 39
51 40
53 43
56 46
58 50
61 53
63 55
64 55
65 54
