landslide instance name: js023
landslide instance polygon boundary coordinates(x,y):
125 289
121 285
110 270
95 252
73 235
67 224
63 217
56 193
54 176
55 166
62 156
63 145
49 135
50 122
56 117
69 115
82 110
93 105
99 85
102 65
111 51
123 49
134 61
163 89
183 94
190 100
207 115
230 134
239 154
231 168
228 189
233 213
245 230
252 242
267 269
271 280
262 287
245 295
237 302
225 309
214 313
197 324
174 329
165 333
159 325
149 315
143 303
135 295
125 289
