landslide instance name: ny004
landslide instance polygon boundary coordinates(x,y):
322 99
327 109
330 116
330 128
329 132
321 144
309 155
292 166
278 182
270 193
255 214
256 212
255 214
255 214
242 240
237 249
211 279
205 284
172 301
166 303
152 306
147 307
130 307
126 306
113 301
101 295
89 286
87 284
80 273
79 269
79 267
81 263
89 250
100 238
119 212
135 197
157 184
172 179
200 164
223 137
235 120
254 98
270 87
284 80
294 79
301 82
314 92
322 99
