landslide instance name: ny022
landslide instance polygon boundary coordinates(x,y):
89 310
86 293
82 281
81 270
81 262
85 255
85 244
81 223
74 204
70 197
69 181
63 165
54 142
49 130
49 125
50 121
52 119
62 117
72 114
74 111
75 106
72 95
66 85
63 80
59 74
58 68
58 63
61 60
68 60
78 62
86 64
90 62
97 57
101 51
103 49
105 51
102 58
97 70
97 77
96 86
100 93
97 105
95 119
83 144
78 151
77 155
77 158
81 164
82 167
84 172
86 184
86 193
88 200
91 205
93 206
97 215
101 225
101 236
98 251
94 273
95 280
96 291
98 305
103 317
106 317
109 313
110 305
112 300
116 300
122 311
124 329
118 339
111 339
104 333
101 331
96 326
89 310
