landslide instance name: ny031
landslide instance polygon boundary coordinates(x,y):
305 128
313 124
327 125
341 122
360 108
383 90
393 84
398 81
407 79
423 87
425 104
417 113
410 127
408 146
405 174
406 251
394 289
398 305
409 319
418 332
424 364
418 392
406 426
398 499
383 579
365 609
323 630
312 614
299 571
286 530
262 483
245 472
226 470
197 464
169 459
144 437
108 378
80 324
79 306
86 286
110 278
155 281
190 284
211 309
228 300
243 279
258 244
274 194
289 155
305 128
