landslide instance name: ny042
landslide instance polygon boundary coordinates(x,y):
49 82
50 72
59 53
68 49
82 51
91 62
90 71
89 93
88 98
97 106
110 102
125 95
138 89
144 84
155 85
164 93
176 93
187 82
203 77
217 74
227 81
229 92
229 103
229 118
215 128
206 143
200 157
200 171
199 188
192 198
179 213
166 227
166 235
173 249
175 262
174 281
162 295
160 311
155 350
152 373
137 363
122 352
120 342
128 333
116 314
101 296
103 289
104 279
100 263
101 249
108 232
105 199
105 179
99 164
87 147
68 129
57 110
49 82
