landslide instance name: ny050
landslide instance polygon boundary coordinates(x,y):
658 117
678 128
713 146
764 154
801 176
834 200
876 236
933 260
938 259
963 254
978 252
1009 248
1012 266
1035 308
1015 395
982 501
980 543
1015 587
1072 601
1078 600
1133 590
1151 605
1158 681
1147 739
1102 781
1052 780
986 776
942 779
906 781
873 804
789 824
743 836
714 863
646 877
613 875
591 894
593 968
573 1047
548 1087
519 1108
494 1116
429 1035
329 816
289 765
266 732
256 699
253 693
253 682
253 680
240 631
233 626
205 602
196 603
186 602
124 570
92 529
79 461
94 412
112 355
174 297
263 226
352 175
364 174
454 141
459 137
526 92
587 79
592 80
658 117
