landslide instance name: ny060
landslide instance polygon boundary coordinates(x,y):
92 56
95 60
99 65
100 68
102 72
104 73
105 74
109 76
111 76
115 76
119 75
128 75
132 75
135 77
137 79
138 81
138 86
140 88
143 91
151 94
158 97
163 101
167 102
169 104
169 105
169 107
161 120
153 130
153 130
150 129
144 127
141 126
139 125
139 125
135 129
134 131
135 133
136 136
137 138
136 140
135 142
135 144
134 144
132 144
130 144
126 141
121 137
119 136
116 136
113 136
110 135
98 133
96 133
93 135
91 137
88 141
86 143
83 144
81 144
73 144
69 143
65 142
63 141
62 139
61 133
62 130
64 126
67 122
68 120
71 116
72 112
73 110
74 104
76 99
76 97
74 96
72 95
71 95
71 95
66 98
61 102
55 108
53 108
53 108
51 108
45 102
41 98
41 97
40 91
39 89
39 88
39 86
39 85
40 83
43 81
44 81
45 80
51 81
55 80
56 79
58 74
59 72
63 70
66 65
67 62
68 61
69 58
72 56
75 54
77 53
79 51
80 48
81 44
82 42
83 40
84 39
86 39
92 43
93 44
93 45
91 50
91 53
92 56
