landslide instance name: qx064
landslide instance polygon boundary coordinates(x,y):
99 162
111 114
124 99
134 96
146 100
155 119
154 144
160 156
164 157
175 155
178 138
185 124
201 118
217 120
230 127
246 118
265 88
282 79
297 98
295 116
289 138
280 162
272 177
273 192
278 204
287 222
301 245
299 263
280 243
233 210
202 205
189 210
191 222
201 234
202 251
185 260
150 249
143 255
151 284
191 318
210 342
211 364
186 374
160 327
131 297
114 301
101 314
80 313
79 293
84 259
98 216
92 184
90 170
99 162
