landslide instance name: qx063
landslide instance polygon boundary coordinates(x,y):
102 269
113 250
111 232
118 225
127 225
134 225
149 225
162 210
160 199
165 181
179 181
187 188
201 200
209 199
241 170
289 143
328 104
358 82
371 79
397 81
428 91
454 97
465 114
471 136
468 148
450 162
420 178
361 188
318 202
273 207
230 218
219 226
220 235
222 249
215 258
203 259
198 253
185 246
175 254
159 275
155 291
153 300
146 308
127 321
101 327
84 322
79 311
80 298
102 269
