landslide instance name: qx104
landslide instance polygon boundary coordinates(x,y):
92 220
98 212
107 206
124 201
140 201
152 197
163 189
179 179
202 166
222 152
240 129
252 108
269 89
280 85
295 79
311 79
331 93
345 107
352 128
354 145
352 168
354 183
356 196
352 205
344 216
347 229
353 239
356 247
355 259
342 260
328 256
319 247
313 235
310 225
300 207
284 197
272 193
253 191
242 203
231 216
222 231
213 250
203 262
193 273
185 281
166 284
156 288
147 281
142 270
131 268
127 272
122 277
112 283
94 290
85 285
82 264
79 249
82 236
86 227
92 220
