landslide instance name: qx103
landslide instance polygon boundary coordinates(x,y):
252 231
240 267
234 333
229 439
240 478
253 511
264 540
256 571
237 594
231 600
199 611
185 613
175 609
139 554
137 549
130 515
121 490
103 443
94 425
83 416
79 389
80 369
86 296
91 284
109 278
113 273
115 259
115 230
117 183
128 164
167 137
175 129
186 113
192 95
197 90
252 80
258 79
296 80
301 82
300 102
300 104
298 109
296 125
298 137
307 168
322 188
321 194
315 202
307 204
294 208
270 207
256 214
252 223
252 231
