landslide instance name: qx166
landslide instance polygon boundary coordinates(x,y):
342 174
336 210
203 245
143 252
88 252
83 253
81 252
79 249
79 243
80 235
85 217
94 201
105 188
115 171
117 164
125 134
131 127
140 117
145 114
161 108
172 105
173 104
182 103
187 105
190 108
194 113
204 136
209 147
212 150
213 150
222 150
233 145
255 138
262 133
265 128
268 119
269 99
271 87
273 85
280 81
293 79
303 80
308 82
333 116
337 137
339 153
340 165
342 174
