landslide instance name: qxg037
landslide instance polygon boundary coordinates(x,y):
114 98
114 99
116 103
117 104
116 105
114 107
111 111
109 112
108 112
107 112
98 114
95 113
93 113
91 112
90 111
86 107
82 101
79 94
79 92
79 91
82 88
89 84
94 81
96 81
98 81
98 81
99 82
99 85
99 86
100 87
101 88
103 89
105 90
107 91
108 92
109 91
111 91
113 90
114 89
114 87
114 85
114 83
115 82
117 80
118 79
119 79
120 80
121 81
122 84
122 85
121 86
119 87
119 88
118 91
117 93
115 95
114 96
114 97
114 98
