landslide instance name: qxg073
landslide instance polygon boundary coordinates(x,y):
94 144
94 137
95 135
95 131
94 128
91 123
84 117
83 114
82 113
80 108
79 104
80 100
81 98
83 95
87 91
88 90
100 80
106 79
109 79
112 80
116 82
118 85
119 88
123 103
124 107
125 107
128 108
137 106
139 107
141 110
141 114
146 120
151 122
172 130
178 132
181 134
186 139
187 142
187 143
186 144
185 145
183 146
179 146
167 139
166 138
149 134
141 134
139 136
135 139
134 141
132 144
130 147
127 149
107 159
101 161
100 161
99 160
97 158
95 152
94 144
