landslide instance name: qxg064
landslide instance polygon boundary coordinates(x,y):
123 174
124 173
125 169
125 168
125 167
124 166
123 166
120 167
117 167
108 164
106 163
105 162
102 159
101 158
101 156
101 155
102 152
102 150
103 145
102 145
101 144
99 144
93 143
90 143
87 141
86 140
84 138
83 136
84 134
85 132
86 131
86 130
86 129
85 128
82 129
82 129
81 128
81 127
82 125
88 121
89 119
89 117
89 116
88 114
87 114
82 113
80 112
79 110
79 103
81 92
83 88
87 81
88 79
89 79
109 99
127 111
142 119
142 120
142 128
144 139
146 148
148 155
148 161
148 164
150 166
152 168
153 171
153 180
152 184
150 189
149 191
148 192
142 193
136 192
134 191
128 180
125 177
123 174
