landslide instance name: qxg093
landslide instance polygon boundary coordinates(x,y):
79 173
80 172
89 165
117 144
134 131
138 127
143 122
146 120
151 113
153 108
153 105
155 100
160 94
162 93
173 87
194 80
196 80
202 79
206 80
210 82
210 82
211 83
212 88
212 95
212 97
212 100
211 105
210 107
210 109
209 109
206 110
201 112
197 113
189 118
180 126
174 135
170 137
167 138
165 139
163 138
158 132
155 132
147 138
131 150
113 164
109 168
102 175
99 181
94 187
93 188
79 175
79 173
