landslide instance name: qxg092
landslide instance polygon boundary coordinates(x,y):
101 436
96 437
85 433
81 431
79 428
79 425
81 419
84 416
109 401
116 398
136 380
150 352
156 301
158 248
160 191
163 144
169 124
175 115
179 112
193 107
283 101
365 82
448 79
491 81
513 90
530 107
533 110
533 116
522 140
486 195
458 228
426 259
376 294
287 357
268 371
257 378
247 388
236 396
225 405
214 414
209 419
193 424
190 424
183 424
178 423
167 424
132 427
106 434
101 436
