landslide instance name: qxg021
landslide instance polygon boundary coordinates(x,y):
149 127
158 124
159 123
157 122
152 116
148 108
146 96
147 91
151 86
156 80
160 79
171 80
180 83
189 89
195 101
196 107
195 116
193 120
176 134
163 143
149 156
145 165
144 168
145 171
150 176
155 178
158 181
159 189
159 208
163 223
163 230
164 251
163 265
159 269
157 269
156 269
149 261
142 256
138 254
122 252
94 243
90 239
84 232
81 224
79 216
79 206
82 195
85 186
89 179
94 171
100 165
107 161
116 155
136 136
143 130
149 127
