landslide instance name: qxg078
landslide instance polygon boundary coordinates(x,y):
315 89
321 86
329 85
335 85
348 86
365 93
380 94
397 95
409 99
421 103
457 116
458 118
458 120
435 144
420 170
404 183
385 190
365 199
328 212
307 223
282 235
272 238
265 236
263 235
257 230
250 220
244 208
237 195
226 182
213 173
185 153
172 148
157 148
146 153
134 159
127 160
117 156
98 144
82 131
79 126
79 120
83 108
89 97
95 86
101 83
111 84
114 86
116 93
118 99
120 101
121 101
126 99
130 94
143 84
148 82
163 82
172 82
180 83
198 87
210 87
218 83
226 80
232 79
237 81
238 84
237 90
238 97
240 101
244 107
248 109
251 108
255 103
264 85
273 81
275 81
288 91
297 94
312 89
315 89
