landslide instance name: wn003
landslide instance polygon boundary coordinates(x,y):
143 79
147 79
160 82
172 85
180 86
192 86
206 88
215 90
221 94
223 103
220 111
211 118
202 118
195 118
194 118
188 115
185 114
183 113
181 111
179 111
173 108
171 107
169 107
167 107
156 105
155 106
153 106
152 106
151 106
142 109
141 109
140 109
139 109
130 107
120 106
119 106
113 110
113 115
113 116
113 117
112 118
110 123
100 126
99 125
98 125
94 121
93 120
93 119
91 118
86 114
85 113
84 111
84 111
80 106
80 105
79 102
85 100
86 100
92 99
95 96
95 91
96 90
106 86
108 85
115 82
116 82
117 81
122 81
123 81
129 80
130 81
131 81
137 79
138 79
143 79
