landslide instance name: wn014
landslide instance polygon boundary coordinates(x,y):
130 244
129 240
129 240
124 240
124 241
123 241
122 241
119 243
119 244
116 245
115 244
115 243
115 242
114 236
114 236
115 235
113 227
112 227
112 226
112 225
112 217
112 216
111 216
107 203
107 202
107 201
103 189
103 189
101 180
100 180
100 174
100 174
99 166
100 164
97 157
97 155
98 151
97 149
94 143
94 143
93 142
90 134
88 124
88 124
86 114
83 109
80 105
79 98
83 94
84 93
86 92
89 89
89 88
94 83
99 79
103 79
106 81
108 86
108 87
111 90
112 90
114 89
126 92
128 95
133 100
140 111
140 136
141 156
147 166
152 175
158 187
163 199
164 202
165 205
165 205
165 206
166 207
166 208
168 211
168 212
173 221
173 222
173 223
174 226
176 232
167 241
152 247
138 251
130 244
130 244
