landslide instance name: wn025
landslide instance polygon boundary coordinates(x,y):
57 164
48 168
45 167
41 158
39 151
40 146
40 146
45 142
46 142
47 141
47 141
53 137
54 136
59 132
63 131
64 130
65 129
68 124
69 123
74 116
75 115
75 114
77 105
77 104
80 94
82 87
84 76
87 70
88 70
91 65
92 65
97 58
97 58
101 50
101 49
103 43
103 42
107 39
129 40
153 41
163 43
165 50
161 80
162 89
170 93
182 94
189 99
190 104
188 111
181 119
169 130
155 138
147 143
144 150
136 165
126 178
119 186
114 189
110 192
105 187
104 186
87 171
84 168
80 165
75 164
67 163
57 164
