landslide instance name: wn029
landslide instance polygon boundary coordinates(x,y):
129 253
129 252
127 249
127 248
121 242
119 242
119 241
114 240
112 238
110 237
110 237
105 232
104 230
103 229
102 227
101 221
100 219
95 214
90 211
89 210
81 201
80 200
79 190
80 189
80 188
79 185
80 176
80 175
81 174
87 166
88 166
94 154
95 153
95 151
96 150
96 149
98 148
109 134
126 120
127 120
142 110
142 110
143 109
144 108
145 108
157 102
174 86
182 80
189 79
193 81
195 84
190 108
189 136
187 150
174 193
154 230
141 256
131 257
129 253
