landslide instance name: wn022
landslide instance polygon boundary coordinates(x,y):
127 116
125 118
124 118
123 118
120 120
119 123
115 122
115 122
111 123
110 123
109 123
109 123
105 122
102 119
102 119
101 118
96 118
96 118
93 115
93 114
93 114
91 111
91 111
90 111
88 114
83 116
83 116
82 116
81 115
80 115
79 113
79 113
80 108
80 107
80 106
82 103
82 103
82 102
82 101
84 97
84 96
84 96
84 95
87 92
87 92
90 91
91 91
92 91
95 90
96 90
99 91
100 91
101 92
102 92
106 95
107 95
109 93
109 92
110 88
111 88
113 83
114 82
114 81
114 81
116 79
117 79
117 79
118 79
118 80
121 81
122 81
123 82
123 82
124 83
128 86
128 86
129 87
130 87
133 90
134 90
135 93
133 96
132 96
131 96
128 97
128 97
126 100
126 101
126 103
126 104
127 104
127 107
127 107
127 108
128 111
128 112
128 112
128 114
127 116
