landslide instance name: wn023
landslide instance polygon boundary coordinates(x,y):
121 92
124 90
124 90
125 89
125 89
132 81
139 79
146 80
146 81
150 85
151 86
153 95
153 96
153 97
153 97
154 98
155 104
156 104
157 105
157 105
158 105
158 106
163 109
164 109
164 110
167 111
167 115
163 119
163 120
164 125
164 126
164 127
165 127
167 132
167 133
168 133
170 138
170 138
171 139
171 140
172 141
172 141
177 149
180 154
180 158
172 159
159 160
151 168
142 169
138 163
125 159
122 158
114 158
95 156
84 150
79 140
79 122
81 113
90 104
108 96
121 92
