landslide instance name: wn038
landslide instance polygon boundary coordinates(x,y):
143 82
165 95
179 98
181 98
194 102
202 108
204 116
203 124
200 131
186 151
183 161
182 162
182 163
178 174
178 175
178 176
178 185
176 191
172 198
172 199
170 201
167 209
167 210
166 212
165 214
163 224
163 225
166 256
164 274
159 284
147 292
140 298
135 297
134 296
123 280
112 270
97 254
100 216
102 178
103 163
103 154
100 144
94 135
87 125
85 121
83 116
79 110
79 105
84 101
96 91
99 87
113 86
116 85
126 80
131 79
135 79
143 82
