landslide instance name: wn032
landslide instance polygon boundary coordinates(x,y):
55 135
60 128
68 118
69 117
70 115
72 113
81 105
82 104
83 103
84 102
85 102
95 93
95 92
96 91
97 90
98 88
96 83
95 74
95 73
99 64
100 64
102 63
103 62
105 62
106 61
115 59
116 58
118 58
119 58
121 58
122 58
123 57
132 58
133 59
134 60
142 65
143 66
144 68
145 68
145 69
155 73
156 74
158 74
160 74
167 71
168 70
169 69
170 69
171 69
173 67
174 67
182 64
189 59
199 53
201 51
202 51
203 51
209 49
210 50
212 51
214 53
214 53
217 66
217 68
217 69
217 82
218 84
224 89
225 90
227 90
227 91
234 91
235 91
237 92
238 92
242 94
242 95
241 99
236 103
235 105
234 106
226 114
225 115
215 126
215 128
215 129
214 131
214 133
208 147
207 150
207 152
207 154
206 155
206 156
204 166
204 167
203 169
203 171
202 173
201 175
201 175
199 185
199 186
198 189
198 191
197 192
197 195
193 211
192 214
191 215
189 221
189 222
189 223
183 238
183 239
182 241
181 242
181 243
181 245
180 246
180 248
179 250
175 256
164 260
163 260
153 260
151 259
143 251
143 250
142 249
136 238
136 238
127 231
126 230
124 230
110 227
104 214
104 212
104 211
103 209
100 201
98 200
89 195
88 195
86 194
86 193
84 193
71 187
70 186
68 185
67 184
66 183
65 182
56 174
54 173
49 158
49 157
49 157
51 145
52 143
55 135
