landslide instance name: wn045
landslide instance polygon boundary coordinates(x,y):
93 81
104 81
106 81
116 81
118 82
119 82
120 81
120 82
128 79
129 79
130 79
131 79
138 80
143 82
144 82
144 82
149 82
149 82
153 84
154 85
155 85
155 85
158 88
159 89
159 90
159 91
160 92
160 92
160 95
160 95
160 96
160 97
161 106
161 112
158 118
148 123
128 127
103 134
88 134
85 132
85 131
84 130
82 125
82 124
81 122
81 121
81 120
80 117
79 103
83 92
87 87
88 84
93 82
93 81
