landslide instance name: wn047
landslide instance polygon boundary coordinates(x,y):
83 125
82 118
82 116
81 114
81 113
79 105
85 101
98 95
99 92
102 84
107 79
117 79
119 79
134 83
144 88
151 90
159 90
162 89
164 88
165 88
175 84
177 84
178 84
195 83
215 90
226 95
234 102
234 104
235 114
235 116
235 125
234 127
232 136
231 137
229 142
236 146
243 154
244 156
244 157
244 159
240 164
237 164
226 166
218 170
209 181
203 189
196 193
189 190
170 182
164 177
155 170
145 169
141 169
128 173
123 172
121 168
114 161
110 160
105 162
99 158
95 149
92 138
86 128
83 125
