landslide instance name: zj032
landslide instance polygon boundary coordinates(x,y):
100 42
105 42
108 42
114 41
119 40
122 39
125 39
129 39
132 40
137 43
141 45
145 48
155 52
156 53
157 55
157 56
157 56
156 57
156 58
152 58
144 59
138 61
131 62
129 64
128 65
128 66
129 68
130 70
130 72
130 73
129 73
128 74
122 74
121 74
118 74
113 76
111 77
109 77
108 78
107 78
106 78
104 78
103 77
103 76
102 73
101 70
100 70
98 69
96 69
93 71
87 78
81 82
79 84
76 87
75 91
73 92
72 92
71 92
67 92
64 93
62 94
58 97
56 100
54 104
51 108
49 108
39 101
39 99
39 98
41 94
43 92
48 87
54 83
56 80
57 78
57 76
58 73
60 69
61 67
66 64
68 63
75 59
78 56
83 53
89 46
94 43
97 42
100 42
