landslide instance name: zj044
landslide instance polygon boundary coordinates(x,y):
115 121
116 125
116 129
115 131
113 133
109 134
105 134
103 134
102 133
101 130
100 122
99 121
97 117
93 115
86 113
76 108
76 108
70 104
65 102
61 99
55 95
47 85
45 82
40 76
39 74
39 72
41 70
43 69
45 68
54 60
65 45
70 41
74 39
76 39
84 42
89 43
93 44
97 45
104 49
116 60
117 62
116 64
110 72
109 73
101 83
100 85
100 87
101 90
104 92
107 92
109 89
117 84
118 84
120 84
124 88
130 98
130 100
130 102
127 106
124 108
120 111
118 114
115 121
