landslide instance name: zj045
landslide instance polygon boundary coordinates(x,y):
76 96
70 90
63 85
56 82
44 81
40 79
39 78
39 77
40 74
40 73
61 49
65 43
69 40
74 39
79 40
83 42
85 44
86 45
90 45
91 44
92 45
96 45
99 46
103 49
110 58
111 60
113 63
113 66
112 67
110 70
107 71
106 73
104 79
103 82
102 87
104 91
109 99
114 103
116 104
120 104
123 105
130 109
133 111
134 114
138 119
145 123
149 125
168 134
171 137
175 141
178 147
180 151
179 155
178 158
177 159
175 161
171 162
169 162
167 161
163 159
159 157
144 143
139 139
135 138
132 138
132 138
130 138
129 139
128 142
127 145
127 152
127 155
129 158
132 161
148 170
153 175
157 176
161 176
168 176
173 177
177 180
179 183
181 185
182 189
182 202
180 209
178 213
176 216
173 218
171 218
169 219
161 218
154 216
150 214
148 213
144 213
134 214
128 213
122 211
117 209
116 208
113 204
111 199
110 199
109 195
106 190
101 185
98 183
95 182
84 179
78 177
76 177
68 180
64 183
58 186
56 186
51 186
47 184
45 182
44 180
46 167
48 164
59 151
70 143
83 130
85 127
86 125
86 121
84 114
79 106
77 100
76 96
