landslide instance name: zj058
landslide instance polygon boundary coordinates(x,y):
184 445
174 431
117 351
91 310
86 296
85 290
86 278
99 254
104 241
104 235
103 214
95 191
90 181
85 173
80 164
79 157
81 147
86 138
93 125
103 107
111 96
120 89
138 82
172 79
174 79
178 81
182 86
185 96
185 103
183 111
181 117
179 123
178 129
179 137
181 147
184 158
185 160
188 165
192 167
196 166
203 163
209 162
215 164
218 167
221 172
222 179
228 190
232 194
237 198
243 201
249 207
259 222
259 224
259 230
254 247
253 249
247 267
240 283
235 287
230 288
220 290
217 292
215 295
215 305
213 308
209 311
203 319
200 328
197 341
196 352
197 366
198 372
200 378
203 384
207 388
230 400
244 404
250 407
252 408
264 413
268 415
273 418
275 421
278 425
281 439
282 456
282 466
280 473
277 479
272 485
271 485
254 483
249 482
211 466
202 461
184 445
