landslide instance name: zj100
landslide instance polygon boundary coordinates(x,y):
213 120
208 121
200 124
196 126
195 127
196 129
198 131
207 133
215 136
225 142
228 143
234 145
236 145
243 143
255 136
257 135
260 137
265 140
271 146
271 149
269 152
260 159
232 178
213 196
184 225
182 226
180 226
157 214
142 206
128 195
91 162
85 155
81 149
79 140
79 137
83 131
86 128
96 124
101 123
111 125
114 124
124 118
125 116
126 113
132 103
136 94
143 86
147 83
155 79
164 80
171 82
189 91
197 93
206 98
215 104
218 108
220 114
217 118
213 120
