landslide instance name: df030
landslide instance polygon boundary coordinates(x,y):
80 346
92 350
102 357
105 355
108 352
120 343
135 324
141 322
149 321
156 315
160 307
162 301
164 296
169 292
176 289
178 282
179 271
179 262
178 259
173 260
168 260
168 247
172 228
177 221
179 209
178 193
180 187
196 174
213 155
217 147
220 141
232 110
234 104
243 104
252 103
258 101
263 98
264 95
264 92
268 94
273 96
284 102
292 105
299 103
312 91
322 82
332 79
343 83
347 91
345 98
350 102
355 107
349 124
339 145
298 196
252 273
244 284
227 309
226 310
210 333
202 343
193 354
174 378
161 394
141 416
128 430
116 427
108 409
96 395
83 374
81 366
79 355
80 346
