landslide instance name: hz073
landslide instance polygon boundary coordinates(x,y):
91 57
94 55
97 54
101 53
107 53
110 51
112 49
115 45
117 41
121 39
126 39
129 42
130 46
130 54
130 58
133 65
135 71
133 75
131 84
130 93
130 105
130 114
136 126
140 133
142 145
141 152
138 157
134 164
132 167
126 171
118 171
116 170
110 170
105 172
98 173
91 172
80 167
67 159
61 153
52 145
46 137
42 129
41 121
39 116
39 109
40 101
42 91
45 83
49 76
54 69
61 65
68 62
74 62
81 62
86 59
89 58
91 57
