landslide instance name: ny023
landslide instance polygon boundary coordinates(x,y):
147 91
159 83
186 72
189 71
200 69
206 67
223 61
230 56
243 50
258 49
272 58
286 93
289 129
282 150
280 155
276 166
278 176
285 195
290 212
291 223
291 225
290 247
265 281
256 301
259 311
262 328
271 353
279 371
281 377
282 387
284 394
287 408
288 420
279 420
272 410
259 383
245 360
214 330
179 308
168 300
144 283
138 278
119 251
106 229
100 220
82 205
70 196
61 188
56 180
49 169
49 167
49 161
54 159
64 161
65 162
79 168
85 167
88 162
90 154
95 136
98 125
100 120
106 122
108 122
114 125
119 122
123 115
126 106
125 100
128 96
138 96
141 95
147 91
