landslide instance name: ny041
landslide instance polygon boundary coordinates(x,y):
152 49
222 49
235 50
248 59
253 74
258 88
273 103
285 115
291 121
295 192
295 296
289 313
284 328
292 376
314 434
336 483
355 519
369 563
372 588
358 623
303 681
274 695
234 697
205 697
167 707
122 689
89 682
56 677
49 664
59 612
59 575
75 487
77 465
87 352
91 301
67 159
61 130
66 103
76 101
88 105
94 107
104 107
109 100
109 88
109 86
105 75
114 62
129 52
152 49
