landslide instance name: ny049
landslide instance polygon boundary coordinates(x,y):
112 123
139 81
147 74
175 62
216 50
229 49
237 52
255 53
269 51
282 57
291 70
297 88
297 105
297 131
299 145
302 158
301 166
297 166
295 164
292 154
286 139
282 139
278 148
274 158
270 173
267 200
264 219
256 235
259 250
274 269
305 301
308 315
309 318
323 356
331 389
331 411
331 417
323 425
308 420
298 416
293 403
286 384
280 365
271 350
257 347
247 353
247 355
248 361
260 397
262 403
259 403
254 403
239 402
226 392
216 396
212 405
208 425
208 431
204 446
200 463
183 470
159 481
146 480
117 451
107 441
100 434
96 414
86 368
68 347
59 324
56 310
63 297
72 280
88 267
100 249
100 228
49 181
75 153
112 123
