landslide instance name: ny043
landslide instance polygon boundary coordinates(x,y):
68 109
70 109
89 111
100 113
101 113
104 113
108 111
112 107
115 103
118 95
117 88
118 64
123 53
127 50
133 49
142 54
152 72
152 82
145 92
138 105
137 122
145 155
145 172
145 183
157 203
164 218
179 228
188 233
191 239
189 247
182 245
170 236
159 229
148 225
142 218
138 213
137 209
139 206
141 204
140 197
135 189
132 180
124 161
113 147
102 138
85 126
77 125
62 134
54 134
49 129
51 121
61 112
68 109
