landslide instance name: ny053
landslide instance polygon boundary coordinates(x,y):
377 54
382 49
392 49
395 54
404 65
415 86
445 104
451 133
452 139
448 180
445 187
444 191
413 227
359 269
305 291
259 311
250 311
237 313
210 315
180 317
148 317
144 314
132 308
109 301
107 301
92 297
77 292
63 286
56 273
51 264
49 253
53 234
70 227
87 211
103 188
111 167
112 157
105 145
104 138
130 133
162 121
171 116
174 112
198 100
226 85
229 82
250 78
253 77
272 85
274 87
290 98
292 98
312 108
316 110
317 110
341 110
344 103
361 69
377 54
