landslide instance name: qx025
landslide instance polygon boundary coordinates(x,y):
113 135
114 138
115 142
106 148
102 147
97 140
90 135
90 133
87 131
86 129
81 127
73 130
67 130
58 129
53 124
49 118
49 114
49 110
50 106
49 102
54 88
60 84
62 82
70 79
71 80
75 84
80 86
84 88
92 83
97 77
101 75
106 73
111 71
111 66
110 62
111 58
115 53
120 49
128 49
142 53
150 53
153 56
153 60
154 66
152 71
149 77
148 84
145 86
142 88
139 91
137 96
137 101
136 104
133 106
126 105
118 105
112 106
110 110
111 115
114 119
115 123
114 127
111 130
113 135
