landslide instance name: qx083
landslide instance polygon boundary coordinates(x,y):
100 257
98 257
91 246
83 226
79 210
79 201
80 191
99 130
113 88
115 81
117 79
120 79
122 81
125 84
136 101
140 111
141 119
143 124
147 129
151 132
160 136
171 138
186 140
189 142
191 144
191 145
182 162
177 169
174 177
169 191
168 204
168 209
172 220
175 224
176 231
174 240
170 248
169 253
164 260
163 260
158 260
154 258
143 250
137 248
129 248
128 248
112 248
105 251
100 257
