landslide instance name: qx089
landslide instance polygon boundary coordinates(x,y):
205 275
206 279
212 288
212 289
210 292
201 297
158 315
105 325
97 324
95 323
88 315
83 307
81 296
79 284
82 279
89 270
101 253
107 243
111 233
113 220
113 203
111 185
110 165
117 141
120 135
135 121
152 95
167 79
170 79
172 80
203 114
209 123
219 134
239 153
248 163
249 165
250 170
247 175
246 177
246 180
244 183
243 183
241 182
235 182
231 183
224 187
220 191
219 194
219 198
221 205
225 213
231 217
241 223
247 225
250 226
258 219
260 220
259 222
237 254
233 256
224 257
216 260
210 264
206 270
205 275
