landslide instance name: qx102
landslide instance polygon boundary coordinates(x,y):
365 80
366 81
369 88
369 94
367 118
365 189
367 206
368 260
366 266
365 267
355 270
344 269
328 265
326 264
322 261
321 256
324 252
327 240
324 230
322 229
301 231
283 238
276 238
273 236
273 235
274 232
276 225
275 221
261 216
255 217
245 227
226 228
153 230
98 230
94 229
91 227
88 222
79 171
80 166
81 164
85 161
116 150
128 145
205 116
283 90
341 80
347 79
365 80
