landslide instance name: qx123
landslide instance polygon boundary coordinates(x,y):
26 126
26 124
27 108
27 108
27 106
32 99
38 95
42 88
39 87
33 85
30 84
27 75
31 51
37 39
45 30
53 26
59 26
64 29
67 34
70 37
77 50
82 61
82 70
81 74
77 77
77 84
79 90
81 95
89 100
90 101
91 101
92 101
95 106
93 109
87 112
87 113
84 115
83 116
82 117
82 118
82 119
81 119
81 120
79 124
79 125
78 129
78 129
77 131
74 135
71 138
66 142
64 143
57 144
48 141
42 142
35 142
30 133
26 126
