landslide instance name: qxg039
landslide instance polygon boundary coordinates(x,y):
116 409
113 405
104 389
97 353
98 340
90 300
88 265
89 239
93 222
85 184
82 170
79 158
79 150
84 146
90 143
100 142
118 140
128 136
135 129
142 116
147 109
154 106
162 105
170 107
175 110
198 121
222 130
232 133
234 136
235 138
236 147
239 153
242 156
251 157
271 154
276 153
282 152
287 150
289 148
291 143
299 123
300 121
304 111
313 102
338 85
343 82
350 79
355 79
363 83
376 95
382 100
393 105
402 111
405 115
409 122
412 129
416 135
421 142
427 150
430 153
432 159
434 166
438 172
440 177
439 180
440 187
441 189
447 195
456 199
462 203
464 205
468 214
472 237
475 253
475 260
465 298
445 318
400 365
360 393
314 413
283 423
236 429
184 433
161 433
143 428
125 417
116 409
