landslide instance name: qxg056
landslide instance polygon boundary coordinates(x,y):
139 183
138 191
138 198
140 202
146 211
147 213
148 216
148 220
147 223
144 225
134 228
131 230
126 231
121 229
115 223
107 216
105 211
104 208
104 202
108 191
111 168
111 157
111 138
109 127
107 122
100 109
84 93
80 88
79 85
81 81
82 80
84 79
92 79
102 81
113 83
126 86
133 92
134 95
136 98
137 104
136 108
136 114
137 116
139 122
142 132
145 145
147 152
147 157
146 162
146 170
146 173
145 175
143 178
140 181
139 183
