landslide instance name: qxg087
landslide instance polygon boundary coordinates(x,y):
111 114
108 115
105 115
100 113
98 112
94 110
92 109
88 109
86 109
84 108
83 108
80 100
79 95
79 92
81 90
84 88
86 88
93 91
97 91
99 90
104 87
126 80
129 80
134 79
138 80
140 82
144 86
148 95
151 101
153 105
156 108
159 108
165 109
166 109
167 108
170 101
170 101
171 100
171 100
174 105
177 109
183 116
185 119
185 121
181 126
178 129
173 132
171 132
165 136
164 136
162 135
155 131
147 128
143 125
140 120
135 113
133 111
127 110
123 110
120 110
115 111
111 114
