landslide instance name: qxg071
landslide instance polygon boundary coordinates(x,y):
283 80
285 79
285 79
288 80
295 97
300 116
304 148
303 150
298 157
295 159
277 167
207 192
194 196
192 197
184 197
158 189
130 178
126 175
125 173
121 164
119 154
116 151
113 151
112 151
108 157
103 159
100 159
96 158
93 156
84 149
82 146
80 142
79 139
80 135
87 127
89 125
92 122
99 119
106 117
108 117
115 122
118 123
128 129
134 131
151 135
183 137
206 137
224 134
228 134
239 132
249 126
255 118
271 87
275 84
283 80
