landslide instance name: qxg076
landslide instance polygon boundary coordinates(x,y):
157 221
157 221
158 222
158 222
159 222
159 222
158 224
157 227
157 227
156 227
155 227
152 228
151 228
151 230
150 231
150 234
150 238
149 242
147 245
146 248
145 251
146 256
147 260
147 263
149 269
149 270
144 285
144 286
143 286
143 286
139 286
138 285
138 284
137 283
138 267
135 259
135 259
134 259
133 259
132 260
132 261
132 262
131 270
130 279
129 280
127 281
126 281
124 281
120 282
119 282
118 282
117 281
116 279
116 277
116 276
117 275
119 275
120 274
121 273
122 272
122 271
122 271
121 269
119 268
118 266
117 264
118 261
118 261
119 260
122 260
125 259
126 258
127 255
127 252
127 249
128 248
127 246
127 245
127 243
128 241
129 240
130 238
131 237
131 233
131 231
130 228
130 226
130 224
132 217
133 215
134 214
136 213
137 213
137 212
138 211
138 210
137 209
136 208
134 208
132 207
132 207
130 208
129 208
129 209
127 210
125 213
123 215
119 220
118 222
116 223
114 223
113 223
111 223
110 223
107 224
106 225
106 225
106 226
106 227
107 228
109 230
109 231
109 233
108 234
106 236
105 238
105 238
105 240
105 241
107 243
109 246
109 247
108 248
108 248
107 250
106 250
104 251
103 251
101 251
100 251
98 250
94 247
92 247
89 246
89 246
87 248
87 248
87 250
87 251
86 251
85 252
84 252
83 251
80 249
79 249
79 248
79 248
79 246
79 244
81 241
82 238
83 237
86 236
88 235
89 234
93 227
105 211
111 201
113 196
114 195
118 192
121 190
124 190
129 190
130 189
133 186
136 182
137 182
146 172
149 169
153 166
156 166
158 166
159 165
161 165
162 164
163 162
163 158
163 157
164 154
166 152
169 151
171 150
172 149
174 145
178 140
181 131
183 120
183 105
188 92
190 88
197 79
199 79
201 79
202 80
203 82
203 83
201 88
200 91
201 95
202 99
202 104
202 106
203 108
205 110
208 112
210 114
212 115
213 117
213 118
212 120
210 125
203 132
189 146
178 160
164 188
160 207
157 220
157 221
