landslide instance name: qxg107
landslide instance polygon boundary coordinates(x,y):
97 86
97 86
98 84
99 83
99 82
100 79
101 79
101 79
107 84
110 87
114 93
115 95
117 103
117 107
117 111
117 113
119 122
119 123
118 124
118 125
116 125
115 125
115 125
112 124
86 124
84 123
83 123
81 121
79 119
79 119
79 117
80 115
87 108
88 106
88 104
88 101
87 98
86 92
86 91
86 91
86 91
88 90
88 90
89 90
91 94
92 95
93 95
94 95
97 95
98 94
98 94
98 93
99 91
98 90
97 86
