landslide instance name: wn028
landslide instance polygon boundary coordinates(x,y):
82 120
81 116
79 96
80 88
85 86
90 84
90 84
98 87
100 87
110 87
117 86
118 85
120 82
123 79
128 80
134 81
138 87
141 93
139 98
135 101
130 102
125 105
123 110
128 111
133 110
144 115
153 127
161 136
172 156
175 180
180 201
174 215
174 217
163 231
166 261
164 263
160 271
156 281
153 282
151 277
150 276
150 275
148 265
144 244
128 220
108 188
90 158
84 137
82 120
