landslide instance name: wn039
landslide instance polygon boundary coordinates(x,y):
120 80
122 79
134 80
139 86
139 91
136 98
135 109
132 113
128 117
124 121
122 125
122 125
116 127
110 129
109 130
108 131
108 131
103 136
102 136
100 140
99 139
98 138
96 132
95 131
95 131
93 126
93 125
88 121
87 121
87 120
86 119
85 119
85 118
84 117
83 117
80 113
79 112
79 111
80 107
80 106
81 105
81 102
81 101
80 101
79 98
80 98
82 97
86 95
87 94
91 94
92 95
93 95
97 93
107 88
113 84
120 80
