landslide instance name: wn033
landslide instance polygon boundary coordinates(x,y):
183 90
197 90
226 95
245 99
270 93
287 91
310 85
325 80
332 79
331 83
323 111
322 117
313 139
312 140
301 155
301 157
298 159
297 160
295 162
294 163
287 172
286 174
284 176
282 177
281 178
266 186
244 197
225 207
208 214
200 216
194 218
182 214
165 190
163 189
160 188
141 180
128 177
126 177
113 174
105 173
101 172
91 171
79 151
82 132
92 109
104 102
111 98
112 97
120 94
123 93
124 92
135 88
137 89
139 89
141 89
159 87
161 88
161 88
175 88
177 89
179 89
180 90
183 90
