landslide instance name: zj022
landslide instance polygon boundary coordinates(x,y):
143 233
126 228
113 228
105 226
100 223
88 210
79 194
79 180
82 170
87 159
93 151
101 141
111 132
124 120
139 108
173 86
185 82
202 79
217 80
228 84
234 88
238 96
244 107
249 120
249 137
245 157
244 162
243 182
251 269
251 275
248 284
245 291
240 299
235 304
221 315
213 320
210 321
201 318
199 317
195 312
182 292
173 268
170 259
166 250
163 246
158 242
150 237
143 233
