landslide instance name: zj067
landslide instance polygon boundary coordinates(x,y):
183 130
185 139
187 149
185 162
183 171
178 182
177 183
175 183
171 183
164 180
160 178
158 176
142 157
141 155
140 151
140 149
140 146
140 145
137 142
135 139
129 135
126 133
120 133
114 133
102 127
95 122
88 116
81 109
79 104
79 101
87 86
90 81
91 80
96 79
102 79
103 79
104 80
106 83
107 86
107 90
105 101
107 108
108 111
112 114
119 116
125 119
135 122
149 122
174 123
179 124
181 125
182 126
183 130
