landslide instance name: zj062
landslide instance polygon boundary coordinates(x,y):
85 42
89 46
96 51
99 56
106 70
106 73
99 86
99 92
101 97
110 108
123 119
142 127
157 130
161 134
170 146
186 181
188 189
187 195
184 199
151 212
148 212
146 211
144 207
141 193
138 189
133 185
127 181
124 181
116 177
108 169
99 159
92 150
85 138
82 134
77 131
74 130
65 127
54 127
50 129
48 129
43 127
41 125
39 121
40 110
53 61
56 51
60 46
64 42
69 39
70 39
76 39
85 42
