landslide instance name: zj104
landslide instance polygon boundary coordinates(x,y):
72 174
66 170
61 163
61 156
65 149
66 138
68 126
72 120
61 100
50 59
49 54
59 49
69 50
76 59
89 105
91 107
97 109
99 115
101 119
104 124
110 130
117 130
116 133
117 136
121 138
122 142
116 145
113 148
114 153
119 156
121 159
141 169
169 185
180 189
187 196
190 205
188 209
181 217
169 219
161 213
153 209
147 211
140 218
134 218
127 226
114 239
108 237
99 227
92 221
86 214
84 206
79 196
75 177
72 174
